0.99356799999999623
1.9879770000000008
2.9819970000000069
3.9716420000000028
4.9705720000000042
5.9403480000000002
6.9296350000000047
7.9198090000000008
8.9034960000000041
9.8871390000000048
10.869426000000004
11.857403000000005
12.834320000000005
13.821444
14.804759000000004
15.777749999999997
16.757875999999996
17.735444999999999
18.725751000000002
19.712321000000003
20.695614000000006
21.674884000000006
22.652825000000007
23.638825999999995
24.623858999999996
25.612296000000001
26.590879999999999
27.566051000000002
28.547504000000004
29.521620999999996
30.497631999999996
31.479281999999998
32.457860999999994
33.436565999999999
34.412970999999999
35.394695999999996
36.381323000000002
37.373469999999998
38.364364000000002
39.349629999999998
40.328082999999999
41.313215
42.299042999999998
43.286551000000003
44.268974
45.254486999999997
46.238869999999999
47.222507
48.208238999999999
49.192466000000003
50.164665999999997
51.150579999999998
52.137977999999997
53.125540000000001
54.108569000000003
55.089528999999999
56.071902000000001
57.051251999999998
58.044528999999997
59.014173
59.998415999999999
60.978335999999999
61.965291000000001
62.938943999999999
63.929754000000003
64.912216000000001
65.896728999999993
66.870432999999991
67.849012999999999
68.828975
69.807635000000005
70.791737999999995
71.775435000000002
72.753222999999991
73.739284999999995
74.721665000000002
75.696276999999995
76.672892000000004
77.642194000000003
78.622732999999997
79.608931999999996
80.593080999999998
81.572442999999993
82.545458999999994
83.519642000000005
84.506752000000006
85.480745999999996
86.462050000000005
87.433782000000008
88.411325000000005
89.390278999999992
90.362581000000006
91.341487000000001
92.300346000000005
93.277749999999997
94.253289999999993
95.225175000000007
96.195893999999996
97.156801999999999
98.120279999999994
99.092268000000004
100.0
100.0
100.0
100.0
100.0
100.0
100.0
100.0
100.0
100.0
100.0
100.0
100.0
100.0
100.0
100.0
100.0
100.0
100.0
100.0
100.0
100.0
100.0
100.0
100.0
100.0
100.0
100.0
100.0
100.0
100.0
100.0
100.0
100.0
100.0
100.0
100.0
100.0
100.0
100.0
100.0
100.0
100.0
100.0
100.0
100.0
100.0
100.0
100.0
100.0
100.0
100.0
100.0
100.0
100.0
100.0
100.0
100.0
100.0
100.0
100.0
100.0
100.0
100.0
100.0
100.0
100.0
100.0
100.0
100.0
100.0
100.0
100.0
100.0
100.0
100.0
100.0
100.0
100.0
100.0
100.0
100.0
100.0
100.0
100.0
100.0
100.0
100.0
100.0
100.0
100.0
100.0
100.0
100.0
100.0
