0.0
0.0
0.0
0.0
0.0
0.0
0.0
0.0
0.0
0.0
0.0
0.0
0.0
0.0
0.0
0.0
0.0
0.0
0.0
0.0
0.0
0.0
0.0
0.0
0.0
0.0
0.0
0.0
0.0
0.0
0.0
0.0
0.0
0.0
0.0
0.0
0.0
0.0
0.0
0.0
0.0
0.0
0.0
0.0
0.0
0.0
0.0
0.0
0.0
0.0
0.0
0.0
0.0
0.0
0.0
0.0
0.0
0.0
0.0
0.0
0.0
0.0
0.0
0.0
0.0
0.0
0.0
0.0
0.0
0.0
0.16
20.0
116.64000000000001
276.48000000000002
933.12000000000012
1280.0
1481.76
2211.8400000000001
3149.2800000000002
3512.3199999999997
4320.0
5242.8800000000001
5242.8800000000001
5749.9200000000001
6288.6400000000003
8104.4799999999996
9491.0400000000009
9491.0400000000009
9491.0400000000009
9491.0400000000009
9491.0400000000009
9491.0400000000009
9491.0400000000009
9491.0400000000009
9491.0400000000009
9491.0400000000009
9491.0400000000009
9491.0400000000009
9491.0400000000009
9491.0400000000009
9491.0400000000009
9491.0400000000009
9491.0400000000009
9491.0400000000009
9491.0400000000009
9491.0400000000009
9491.0400000000009
9491.0400000000009
9491.0400000000009
9491.0400000000009
9491.0400000000009
9491.0400000000009
9491.0400000000009
9491.0400000000009
9491.0400000000009
9491.0400000000009
10240.0
10240.0
10240.0
10240.0
10240.0
10240.0
10240.0
10240.0
10240.0
10240.0
10240.0
10240.0
10240.0
10240.0
10240.0
10240.0
10240.0
10240.0
10240.0
10240.0
10240.0
10240.0
10240.0
10240.0
11027.359999999999
11027.359999999999
11027.359999999999
11027.359999999999
11027.359999999999
11027.359999999999
11027.359999999999
11027.359999999999
11027.359999999999
11027.359999999999
11027.359999999999
11027.359999999999
11027.359999999999
11027.359999999999
11027.359999999999
11027.359999999999
11027.359999999999
11027.359999999999
11027.359999999999
11027.359999999999
11027.359999999999
11027.359999999999
11027.359999999999
11027.359999999999
11027.359999999999
11027.359999999999
11027.359999999999
11027.359999999999
11027.359999999999
11027.359999999999
11027.359999999999
11027.359999999999
11027.359999999999
11027.359999999999
11027.359999999999
11027.359999999999
11027.359999999999
11027.359999999999
11027.359999999999
11027.359999999999
11027.359999999999
11027.359999999999
11027.359999999999
11027.359999999999
11027.359999999999
11027.359999999999
11027.359999999999
11027.359999999999
11027.359999999999
11027.359999999999
11027.359999999999
11027.359999999999
11027.359999999999
11027.359999999999
11027.359999999999
11027.359999999999
